twitter_id
3026622545
234128524
2856787757
2964174789
384913290
234469322
234014087
281540744
7429102
15356407
242555999
1410590874
237862972
1140648348
254082173
250188760
264219447
36686040
18137749
164369297
124224165
84119348
122174004
18967498
515822213
51228911
221162525
303861808
296361085
82453460
234797704
381152398
217543151
229197216
109287731
20545793
926446070812602371
1209417007
24913074
296245061
18696134
168673083
312134473
29501253
76132891
24195214
131546062
76456274
58928690
30216513
21111098
161791703
17494010
29442313
229966028
252819323
13491312
305620929
33977070
305216911
479872233
550401754
486694111
56864092
1298624375692894210
299883942
25086658
14984637
236511574
20552026
155669457
18915145
15764644
74508260
31801993
161411080
23600262
442824717
40302336
234374703
240427862
50152441
29201047
385429543
19739126
38254095
22669526
17976923
26424123
27676828
18061669
516880804
22812754
293131808
18632666
18695134
339822881
242426145
21406834
258900199
88784440
1444015610
225921757
19318314
1849261916
15394954
584012853
310310133
404132211
18909919
50452197
248735463
242772524
267938462
242836537
219429281
935368364
232992031
112740986
581141508
233737858
211530910
18166778
24745957
168502762
80612021
7270292
382791093
233949261
242926427
237763317
31611298
1099199839
92186819
33576489
22012091
234057152
240760644
234822928
88806753
156333623
22055226
28602948
10615232
161743731
14845376
235190657
16256269
18805303
476256944
249348006
235312723
240393970
137794015
37094727
247334603
39249305
153944899
140519774
28599820
252249233
15324851
233693291
462143773
193732179
78445977
199325935
171598736
85396297
162069635
240812994
210926192
163570705
245451804
13218102
23124635
18030431
193794406
19726613
600463589
22523087
188019606
237750442
249787913
109071031
117501995
22545491
278124059
234812598
237299871
239949176
224285242
202206694
20467163
26051676
432676344
15751083
278145569
5558312
21157904
43910797
19926675
21269970
137823987
249410485
76452765
995193054
558769636
1068481578
402719755
942156122
1060370282
1065995022
1058345042
1051127714
1072467470
1037321378
467823431
976969338
1055730738
1058051748
1058917562
11651202
1058717720
1045110018
776664410
968650362
1092979962
950783972
1080509366
1077121945
935033864
1074129612
1083448909
18773159
1089859058
1048784496
1051446626
970207298
993153006
1072008757
1089334250
1074480192
789244177
29766367
1074518754
1077446982
1058520120
1071402577
1071102246
960962340
1155335864
1135486501
231510077
518644221
1080844782
1017500185356853248
1908143071
1069124515
1880674038
22044727
1222257180
1206227149
1260172386
""
1262099252
364415553
1243902714
975200486
1339931490
899978622416695297
1096059529
1531521632
941000686275387392
1623308912
""
2853793517
2167097881
2293131060
2930635215
2914163523
2973870195
2964877294
2916086925
2696643955
2962813893
834069080
2861616083
2914515430
2750127259
2966765501
2852998461
2953974395
2929491549
2964526557
2862577383
2970462034
2970279814
236279233
2962923040
2891210047
2964287128
2955485182
4304448314
2975091705
3018670151
2966570782
2724095695
2968451607
3044993235
2951574214
2968007206
3091316093
2962868158
2976606250
3122099613
2863006655
3317799825
3686482216
816131319033950208
798973032362606600
817050219007328258
806906355214852096
796736612554117120
816030424778543104
815952318487298048
816833925456789505
816652616625168388
814103950404239360
816181091673448448
742735530287304704
806583915012046854
818536152588238849
815310506596691968
811313565760163844
816298918468259841
819744763020775425
796183515998068736
811986281177772032
816284664658874368
816719802328715264
816157667882373120
816705409486618624
1071840474
817138492614524928
815733290955112448
816303263586914304
808416682972770304
816683274076614656
818472418620608512
814179031956488192
946549322
817076257770835968
816012124505931780
818948638890217473
818713465653051392
815241612154417152
815966620300480514
1274852794206388225
1336344005588738052
90639372
828977216595849216
827279765287559171
818554054309715969
815985039485837312
818975124460335106
41417564
843636970538618880
823552974253342721
854715071116849157
2371339658
880480631108644864
996094929733652481
931614483050414080
983348251972816896
984456621417000960
1039879658400112640
1080515866255593472
1075830599007510535
1080292515939565568
1037341536592310272
1078355119920562176
1072158357237174272
1080485692298444800
389840566
1067818539179024386
1072134139560620033
1064595993222615040
1078749802765139968
1078771401497161728
1075205691621720064
1069636653353000962
1078693601356509184
1080865917377097728
1028854804087492613
1080222360643485698
1080894931311431682
1080191866509901826
1080516116395499522
1080870981877534720
1075517806551154689
1075904377221722113
1078741899572240384
1080587263132733442
1080477288955826176
1080891667308298240
1052896620797460481
1080851152151953410
1074782372594413569
1079061579973439488
1080277407867772930
1080574793630527505
1061310112013434882
1080584229510172678
1080569698536878081
1078401427347857408
1080885078425784320
1076161611033968640
1080462532815532032
1075040139351597056
1079770852302958592
1079769536730140672
1079802482640019456
1080573351914061825
1080539438508400642
1017819745880543238
1081240074946252801
1082086081238102018
567508925
1067748650485497862
1081222837459996672
1081312310059253763
1067541214671577093
1079104563280527364
1082311988926124036
1081243468327018496
1083472286089396224
1080898026418384897
1081318716573470720
1082380458976051202
1082369392229400576
1082790600292925440
1083125649609506816
1082416697380913152
1082427779583541248
1078771848882593793
1086316494450032640
1054381765224210432
4205133682
1082334352711790593
1081350574589833221
1080960924687704064
1136060761422405633
346509049
1176522535531360257
1262531473057423361
1276209702322438148
1173978070535024642
1324926274888888320
1345536897838436353
1344481217685692416
1337452596093587462
1339633259349745670
1341903465610686464
1341120751399809026
1343258042704527362
1345787285179162624
1343597700542038017
1344260196227555334
1344389506963808264
1344750588026900481
1344349650447433729
1344416719260016641
1344007696555663360
1344751420139040783
1344375287484723205
1344032292432437248
1330278736554582016
1334164871420796928
1344845201479663621
1343656635907125250
1343578440977494018
1345135363761852416
1340783304304410625
1344356576786866176
1343620645452595200
1345461797361504259
1325928411689349120
1343664721384398849
1344325638983987201
1342989756611907584
1345103905869455361
1343740146630451200
1344677401465397249
1339006078688825344
1341091420439015424
1345739193721487362
1276403757224546304
1345825008887721986
1002630999052865536
1345850704800468993
1345883634046279681
1345788865911656454
1345807954604412929
1337115670161608712
1343679195034103808
22831059
1345147845926670337
272482466
1343646545955213312
1343627416120532992
1348683154815655940
1346873610875654147
1347318288850825217
1351236267707654145
1352287997853622273
1346205046036377601
1004891731
1351966874377056257
797201048490430465
1356714265894408196
1456381091598700556
1357017361568694274
1457745193197780993
1352760304271241218
1343968646050283522
1366523868253458437
1318728336923787264
63650107
1276232539510919168
1382395679700439041
24735461
1404519992582942724
1267841066335682562
1468677099594698757
1128514404
