   Year Wave Power 
   1.9940000e+03   2.8560795e+05
   1.9950000e+03   2.8069155e+05
   1.9960000e+03   2.6388853e+05
   1.9970000e+03   2.9280358e+05
   1.9980000e+03   3.1441276e+05
   1.9990000e+03   2.8701576e+05
   2.0000000e+03   2.7347750e+05
   2.0010000e+03   2.7081444e+05
   2.0020000e+03   2.6912692e+05
   2.0030000e+03   2.7138798e+05
   2.0040000e+03   2.6935786e+05
   2.0050000e+03   2.7456795e+05
   2.0060000e+03   2.9136102e+05
   2.0070000e+03   2.9939313e+05
   2.0080000e+03   2.9542229e+05
   2.0090000e+03   2.8895262e+05
   2.0100000e+03   3.2246579e+05
   2.0110000e+03   3.1472725e+05
   2.0120000e+03   3.0693500e+05
   2.0130000e+03   3.1443835e+05
   2.0140000e+03   3.1475076e+05
   2.0150000e+03   3.1996538e+05
   2.0160000e+03   3.2625191e+05
   2.0170000e+03   3.1299978e+05
